0    0    0    0    0    0    0    0    0    0    0    0    0    0    0    0    0    0    0    0    0    0    0    0    0    0    0    0    0    0    0    0    0    0    0    0    0    0    0    0    0    0    0    0    0    0    0    0    0    0    0    0    0    0    0    0    0    0    0    0    0    0    0    0    0    0    0    0    0    0    0    0    0    0    0    0    0    0    0    0    0    0    0    0    0    0    0    0    0    0    0    0    0    0    0    0    0    0    
0    0    0    0    0    0    0    0    0    0    0    0    0    0    0    0    0    0    0    0    0    0    0    0    0    0    0    0    0    0    0    0    0    0    0    0    0    0    0    0    0    0    0    0    0    0    0    0    0    0    0    0    0    0    0    0    0    0    0    0    0    0    0    0    0    0    0    0    0    0    0    0    0    0    0    0    0    0    0    0    0    0    0    0    0    0    0    0    0    0    0    0    0    0    0    0    0    0    
0    0    0    0    0    0    0    0    0    0    0    0    0    0    0    0    0    0    0    0    24    28    95    195    220    234    239    236    230    168    65    71    32    0    0    0    0    0    0    0    0    0    0    0    0    0    0    0    0    0    0    0    0    0    0    0    0    0    0    0    0    0    0    0    0    0    0    0    0    14    52    101    159    193    93    120    169    95    27    0    0    0    0    0    0    0    0    0    0    0    0    0    0    0    0    0    0    0    
0    0    0    0    0    0    0    0    0    0    0    0    0    0    0    0    0    81    207    245    240    101    183    246    244    244    244    246    246    208    145    217    246    247    239    210    95    20    0    0    0    0    0    0    0    0    0    0    0    0    0    0    0    0    0    0    0    0    0    0    0    0    0    0    0    68    194    231    247    247    245    244    243    245    172    177    242    245    246    242    183    5    0    0    0    0    0    0    0    0    0    0    0    0    0    0    0    0    
0    0    0    0    0    0    0    0    0    0    0    0    0    0    3    169    246    245    243    237    221    93    137    236    227    222    225    229    229    162    86    171    226    226    234    243    246    245    131    46    177    203    129    65    30    4    0    0    0    0    0    0    16    35    59    109    70    0    33    209    231    244    238    222    110    158    226    226    229    228    227    232    235    231    115    140    222    220    222    234    229    151    134    0    0    0    0    0    0    0    0    0    0    0    0    0    0    0    
0    0    0    0    0    0    0    0    0    0    0    0    0    102    245    239    232    226    222    222    213    80    81    218    201    204    212    204    207    128    40    153    204    208    216    224    234    208    71    92    217    241    242    245    245    242    239    240    236    51    75    239    237    235    233    242    159    9    151    237    229    221    212    204    102    84    177    190    191    197    212    216    221    215    72    109    210    210    213    229    179    113    217    233    39    0    0    0    0    0    0    0    0    0    0    0    0    0    
0    0    0    0    0    0    0    0    0    0    0    0    171    236    229    224    213    201    189    185    182    110    45    131    178    196    203    200    191    104    32    137    185    194    203    208    214    179    42    80    209    233    234    218    217    232    220    195    187    95    96    208    221    222    221    215    84    67    179    186    195    194    199    187    95    78    158    164    168    186    201    202    195    177    51    102    200    213    221    220    137    118    212    222    240    65    0    0    0    0    0    0    0    0    0    0    0    0    
0    0    0    0    0    0    0    0    0    0    0    57    187    226    189    194    200    199    183    159    158    136    26    56    174    182    195    193    172    84    37    128    164    169    193    197    196    144    39    95    201    225    219    204    197    209    208    193    144    68    99    174    186    193    201    191    42    68    148    165    187    189    185    175    75    56    159    153    142    154    165    169    150    106    39    71    121    161    186    179    92    126    210    222    231    244    84    0    0    0    0    0    0    0    0    0    0    0    
0    0    0    0    0    0    0    0    0    0    110    131    21    145    207    171    172    158    131    93    68    51    17    10    63    92    112    125    150    96    45    120    161    165    182    185    177    136    24    74    197    201    191    194    182    182    197    190    142    31    61    151    144    161    178    144    23    67    121    150    168    178    172    171    83    72    156    137    117    99    81    60    41    31    13    15    23    34    50    50    32    107    190    216    230    234    244    52    0    0    0    0    0    0    0    0    0    0    
0    0    0    0    0    0    0    0    0    20    219    193    57    3    129    126    60    35    26    15    10    3    1    0    0    8    11    25    64    60    12    65    140    162    174    179    168    129    26    74    200    189    186    193    185    183    191    196    181    37    51    148    137    148    172    95    26    120    144    153    172    185    175    148    77    60    106    102    68    35    20    12    4    4    0    0    0    0    0    0    0    23    78    174    211    216    228    246    0    0    0    0    0    0    0    0    0    0    
0    0    0    0    0    0    0    0    0    219    207    148    133    22    0    23    10    12    10    5    1    0    0    0    0    0    0    0    0    5    0    6    47    74    107    136    144    125    32    81    196    189    178    177    183    178    171    190    186    49    77    181    178    191    201    80    60    162    162    177    158    136    121    78    20    0    31    37    17    4    0    0    0    0    0    0    0    0    0    0    0    0    1    55    154    202    216    232    196    0    0    0    0    0    0    0    0    0    
0    0    0    0    0    0    0    0    51    225    204    178    106    56    0    0    15    9    0    0    0    0    0    0    0    0    0    0    0    0    0    0    2    11    18    32    56    65    22    56    161    187    178    174    174    165    167    187    154    20    72    178    182    201    179    54    83    140    139    137    96    52    33    21    0    0    2    2    0    0    0    0    0    0    0    0    0    0    0    0    0    0    0    3    101    193    197    181    168    0    0    0    0    0    0    0    0    0    
0    0    0    0    0    0    0    0    213    214    203    194    93    25    4    0    0    0    0    0    0    0    0    0    0    0    0    0    0    0    0    0    0    0    2    3    4    14    8    6    59    112    137    148    156    158    167    187    129    33    80    113    112    99    67    31    59    64    44    27    20    8    0    1    0    0    0    0    0    0    0    0    0    0    0    0    0    0    0    0    0    0    0    0    67    144    83    40    41    30    0    0    0    0    0    0    0    0    
0    0    0    0    0    0    0    11    223    212    189    150    71    33    17    0    0    0    0    0    0    0    0    0    0    0    0    0    0    0    0    0    0    0    0    0    0    0    0    0    1    15    31    38    56    75    95    139    77    17    35    40    31    15    9    1    5    6    0    0    0    0    0    0    0    0    0    0    0    0    0    0    0    0    0    0    0    0    0    0    0    0    0    0    22    33    46    101    150    172    0    0    0    0    0    0    0    0    
0    0    0    0    0    0    0    112    205    191    164    96    47    39    21    0    0    0    0    0    0    0    0    0    0    0    0    0    0    0    0    0    0    0    0    0    0    0    0    0    0    0    1    1    1    9    17    33    18    0    0    2    0    0    0    0    0    0    0    0    0    0    0    0    0    0    0    0    0    0    0    0    0    0    0    0    0    0    0    0    0    0    0    0    0    63    175    174    167    201    0    0    0    0    0    0    0    0    
0    0    0    0    0    0    0    191    187    169    145    87    45    34    5    0    0    0    0    0    0    0    0    0    0    0    0    0    0    0    0    0    0    0    0    0    0    0    0    0    0    0    0    0    0    0    1    0    0    0    0    0    0    0    0    0    0    0    0    0    0    0    0    0    0    0    0    0    0    0    0    0    0    0    0    0    0    0    0    0    0    0    0    0    0    89    153    150    172    211    30    0    0    0    0    0    0    0    
0    0    0    0    0    0    4    177    179    171    144    78    46    28    0    0    0    0    0    0    0    0    0    0    0    0    0    0    0    0    0    0    0    0    0    0    0    0    0    0    0    0    0    0    0    0    0    0    0    0    0    0    0    0    0    0    0    0    0    0    0    0    0    0    0    0    0    0    0    0    0    0    0    0    0    0    0    0    0    0    0    0    0    0    0    81    162    186    213    226    78    0    0    0    0    0    0    0    
0    0    0    0    0    0    26    213    199    168    139    98    55    20    0    0    0    0    0    0    0    0    0    0    0    0    0    0    0    0    0    0    0    0    0    0    0    0    0    0    0    0    0    0    0    0    0    0    0    1    4    0    0    0    0    0    0    0    0    0    0    0    0    0    0    0    0    0    0    0    0    0    0    0    0    0    0    0    0    0    0    0    0    0    0    74    199    211    221    229    121    0    0    0    0    0    0    0    
0    0    0    0    0    0    24    129    90    80    60    67    49    5    0    0    0    0    0    0    0    0    0    0    0    0    0    0    0    0    0    0    0    0    0    0    0    0    0    0    0    0    0    0    0    0    0    0    0    0    14    10    0    0    0    0    0    0    0    0    0    0    0    0    0    0    0    0    0    0    0    0    0    0    0    0    0    0    0    0    0    0    0    0    0    49    195    211    211    217    128    0    0    0    0    0    0    0    
0    0    0    0    0    0    49    112    109    107    80    55    28    1    0    0    0    0    0    0    0    0    0    0    0    0    0    0    0    0    0    0    0    0    0    0    0    0    0    0    0    0    0    0    0    0    0    0    0    0    5    8    0    0    0    0    0    0    0    0    0    0    0    0    0    0    0    0    0    0    0    0    0    0    0    0    0    0    0    0    0    0    0    0    0    27    153    178    199    202    123    0    0    0    0    0    0    0    
0    0    0    0    0    0    121    169    165    145    126    72    24    0    0    0    0    0    0    0    0    0    0    0    0    0    0    0    0    0    0    0    0    0    0    0    0    0    0    0    0    0    0    0    0    0    0    0    14    0    0    2    0    0    0    0    0    0    0    0    0    0    0    0    0    0    0    0    0    0    0    0    0    0    0    0    0    0    0    0    0    0    0    0    0    18    125    161    187    186    117    0    0    0    0    0    0    0    
0    0    0    0    0    0    120    194    189    147    99    67    26    0    0    0    0    0    0    0    0    0    0    0    0    0    0    0    0    0    0    0    0    0    0    0    0    0    0    0    0    0    0    0    0    0    0    0    10    0    8    21    0    0    0    0    0    0    0    0    0    0    0    0    0    0    0    0    0    0    0    0    0    0    0    0    0    0    0    0    0    0    0    0    0    0    32    42    56    57    49    0    0    0    0    0    0    0    
0    0    0    0    0    0    72    167    177    117    74    95    35    0    0    0    0    0    0    0    0    0    0    0    0    0    0    0    0    0    0    0    0    0    0    0    0    0    0    0    0    0    0    0    0    0    0    0    16    23    20    24    0    0    0    0    0    0    0    0    0    0    0    0    0    0    0    0    0    0    0    0    0    0    0    0    0    0    0    0    0    0    0    0    0    0    61    77    75    81    54    0    0    0    0    0    0    0    
0    0    0    0    0    0    59    95    115    117    90    80    27    0    0    0    0    0    0    0    0    0    0    0    0    0    0    0    0    0    0    0    0    0    0    0    0    0    0    0    0    0    0    0    0    0    0    0    10    34    16    9    0    0    0    0    0    0    0    0    0    0    0    0    0    0    0    0    0    0    0    0    0    0    0    0    0    0    0    0    0    0    0    0    0    25    154    161    161    172    112    0    0    0    0    0    0    0    
0    0    0    0    0    0    23    77    63    38    31    35    26    0    0    0    0    0    0    0    0    0    0    0    0    0    0    0    0    0    0    0    0    0    0    0    0    0    0    0    0    0    0    0    0    0    0    0    64    118    83    67    21    0    0    0    0    0    0    0    0    0    0    0    0    0    0    0    0    0    0    0    0    0    0    0    0    0    0    0    0    0    0    0    0    45    159    131    169    167    92    0    0    0    0    0    0    0    
0    0    0    0    0    0    0    41    9    6    70    125    67    0    0    0    0    0    0    0    0    0    0    0    0    0    0    0    0    0    0    0    0    0    0    0    0    0    0    0    0    0    0    0    0    0    0    89    205    182    162    179    117    0    0    0    0    0    0    0    0    0    0    0    0    0    0    0    0    0    0    0    0    0    0    0    0    0    0    0    0    0    0    0    0    83    183    172    182    134    92    0    0    0    0    0    0    0    
0    0    0    0    0    0    0    15    24    39    109    172    186    9    0    0    0    0    0    0    0    0    0    0    0    0    0    0    0    0    0    0    0    0    0    0    0    0    0    0    0    0    0    0    0    0    78    153    52    14    20    49    80    55    0    0    0    0    0    0    0    0    0    0    0    0    0    0    0    0    0    0    0    0    0    0    0    0    0    0    0    0    0    0    0    139    187    179    147    99    72    0    0    0    0    0    0    0    
0    0    0    0    0    0    0    6    32    109    172    171    220    81    0    0    0    0    0    0    0    0    0    0    0    0    0    0    0    0    0    0    0    0    0    0    0    0    0    0    0    0    0    0    0    20    172    60    0    0    0    0    31    144    95    20    0    0    0    0    0    0    0    0    0    0    0    0    0    0    0    0    0    0    0    0    0    0    0    0    0    0    0    0    21    178    190    201    133    83    51    0    0    0    0    0    0    0    
0    0    0    0    0    0    0    0    32    106    156    164    205    189    0    0    0    0    0    0    0    0    0    0    0    0    0    0    0    0    0    0    0    0    0    0    0    0    0    0    0    0    0    0    39    107    51    13    0    0    0    0    0    118    205    107    1    0    0    0    0    0    0    0    0    0    0    0    0    0    0    0    0    0    0    0    0    0    0    0    0    0    0    0    39    191    197    179    90    59    55    0    0    0    0    0    0    0    
0    0    0    0    0    0    0    0    28    57    112    144    182    225    57    0    0    0    0    0    0    0    0    0    0    0    0    0    0    0    0    0    0    0    0    0    0    0    0    0    0    0    0    16    226    217    16    0    0    0    0    0    0    14    106    133    137    25    0    0    0    0    0    0    0    0    0    0    0    0    0    0    0    0    0    0    0    0    0    0    0    0    0    17    46    49    156    81    42    61    50    0    0    0    0    0    0    0    
0    0    0    0    0    0    0    0    31    34    83    125    164    215    194    0    0    0    0    0    0    0    0    0    0    0    0    0    0    0    0    0    0    0    0    0    0    0    0    0    0    0    0    49    140    142    3    0    0    0    0    0    0    0    10    196    242    185    42    0    0    0    0    0    0    0    0    0    0    0    0    0    0    0    0    0    0    0    0    0    0    0    15    150    182    24    0    15    33    60    22    0    0    0    0    0    0    0    
0    0    0    0    0    0    0    0    16    23    44    64    95    161    126    33    0    0    0    0    0    0    0    0    0    0    0    0    0    0    0    0    0    0    0    0    0    0    0    0    0    5    109    129    31    1    0    0    0    0    0    0    0    0    0    45    213    233    194    65    10    0    0    0    0    0    0    0    0    0    0    0    0    0    0    0    0    0    0    0    0    45    201    209    165    81    0    0    11    35    0    0    0    0    0    0    0    0    
0    0    0    0    0    0    0    0    6    13    24    22    25    33    26    161    181    21    0    0    0    0    0    0    0    0    0    0    0    0    0    0    0    0    0    0    0    0    0    0    39    148    191    147    52    0    0    0    0    0    0    0    0    0    0    0    65    216    226    193    92    38    0    0    0    0    0    0    0    0    0    0    0    0    0    0    0    0    0    0    64    231    232    139    26    14    26    12    2    12    0    0    0    0    0    0    0    0    
0    0    0    0    0    0    0    0    0    4    18    15    3    1    63    161    225    234    92    0    0    0    0    0    0    0    0    0    0    0    0    0    0    0    0    0    0    0    15    102    201    227    168    50    0    0    0    0    0    0    0    0    0    0    0    0    0    99    221    226    202    171    142    49    0    0    0    0    0    0    0    0    0    0    0    0    0    0    78    183    244    224    98    32    23    26    20    13    3    4    0    0    0    0    0    0    0    0    
0    0    0    0    0    0    0    0    0    2    6    12    5    5    12    32    113    205    246    177    6    0    0    0    0    0    0    0    0    0    0    0    0    0    0    0    13    55    171    212    215    229    137    9    0    0    0    0    0    0    0    0    0    0    0    0    0    0    150    231    216    200    215    212    134    34    0    0    0    0    0    0    0    0    0    0    67    215    249    248    187    64    32    31    31    27    22    6    0    0    0    0    0    0    0    0    0    0    
0    0    0    0    0    0    0    0    0    2    0    0    6    12    18    16    30    78    154    231    227    67    0    0    0    0    0    0    0    0    0    0    0    0    20    70    131    189    209    189    213    209    60    0    0    0    0    0    0    0    0    0    0    0    0    0    0    0    13    196    212    185    183    190    211    207    139    65    30    10    2    0    1    14    70    196    248    246    208    121    38    21    26    17    18    14    0    1    26    0    0    0    0    0    0    0    0    0    
0    0    0    0    0    0    0    0    0    13    0    0    0    16    27    33    27    27    49    101    212    247    172    30    4    1    0    0    0    6    8    22    49    95    158    181    172    183    183    197    226    145    14    0    0    0    0    0    0    0    0    0    0    0    0    0    0    0    0    67    217    187    156    190    191    202    229    227    169    95    102    118    93    110    145    136    75    45    30    22    22    13    12    8    0    0    6    33    56    0    0    0    0    0    0    0    0    0    
0    0    0    0    0    0    0    0    0    64    3    0    0    1    15    26    39    37    26    35    67    131    200    191    162    145    128    115    126    145    144    154    169    168    167    171    175    174    120    89    150    80    5    0    0    0    0    0    0    0    0    0    0    0    0    0    0    0    0    0    140    154    109    136    202    197    199    212    203    153    120    84    33    9    0    0    0    0    0    5    10    11    6    2    0    5    26    34    49    0    0    0    0    0    0    0    0    0    
0    0    0    0    0    0    0    0    0    128    104    30    10    0    0    2    3    13    21    15    13    17    22    42    68    78    101    150    169    169    158    161    172    172    178    179    168    148    106    115    95    17    0    0    0    0    0    0    0    0    0    0    0    0    0    0    0    0    0    0    40    193    187    106    178    210    195    194    199    203    177    123    71    26    3    0    0    1    2    9    20    28    23    27    30    25    35    50    68    24    0    0    0    0    0    0    0    0    
0    0    0    0    0    0    0    0    0    172    202    121    39    20    5    6    6    5    4    4    9    14    16    14    23    49    87    137    156    167    177    190    197    197    194    177    156    145    158    220    161    15    0    0    0    0    0    0    0    0    0    0    0    0    0    0    0    0    0    0    30    230    231    147    145    201    203    202    203    201    196    200    213    186    133    99    93    101    107    112    125    133    128    128    126    133    148    162    171    151    0    0    0    0    0    0    0    0    
0    0    0    0    0    0    0    0    0    199    187    191    136    64    42    42    46    46    34    35    56    67    78    110    161    195    209    204    199    203    209    211    211    207    189    167    167    169    178    214    110    9    0    0    0    0    0    0    0    0    47    17    0    0    0    0    0    0    0    0    6    200    226    136    117    191    193    202    210    217    224    223    218    221    223    217    214    210    210    211    210    203    197    193    194    202    204    205    203    210    96    0    0    0    0    0    0    0    
0    0    0    0    0    0    0    0    59    190    183    189    204    181    148    133    125    147    169    186    190    195    211    221    222    219    218    220    223    222    217    215    211    196    177    156    156    158    113    129    90    8    0    0    0    0    0    0    0    54    235    165    0    0    0    0    0    0    0    0    14    133    167    95    96    191    165    172    195    215    226    235    239    241    239    234    229    225    223    226    229    224    215    209    205    205    208    210    204    199    215    0    0    0    0    0    0    0    
0    0    0    0    0    0    0    0    181    197    211    215    215    219    224    222    222    229    232    227    222    226    229    230    234    234    232    232    233    226    212    196    177    168    159    145    134    126    75    126    186    80    0    0    0    0    0    0    0    142    221    215    65    0    0    0    0    0    0    0    95    137    101    31    63    179    159    151    164    178    193    207    231    242    243    244    243    241    241    238    236    233    226    222    220    215    218    217    211    204    211    196    0    0    0    0    0    0    
0    0    0    0    0    0    0    34    202    215    226    229    231    232    229    229    231    235    236    236    235    236    237    241    242    238    234    232    228    218    189    153    140    150    148    125    109    98    45    74    200    226    96    1    0    0    0    0    81    218    199    205    204    72    5    16    20    0    0    74    185    175    126    4    47    158    165    164    169    167    158    168    174    200    229    241    243    244    245    244    242    240    236    230    232    229    226    222    217    213    211    223    60    0    0    0    0    0    
0    0    0    0    0    0    0    194    215    226    232    234    237    236    235    234    236    237    237    237    238    240    241    237    234    229    222    213    189    164    147    129    126    120    113    96    71    56    21    5    128    243    245    205    131    102    104    84    150    161    125    136    216    236    203    164    151    139    162    218    222    179    35    0    78    148    156    168    185    191    183    183    164    139    156    189    217    236    242    245    244    243    243    239    237    237    234    230    227    221    215    214    223    0    0    0    0    0    
0    0    0    0    0    0    64    220    227    234    236    237    237    236    238    238    238    238    238    238    237    236    233    221    200    185    169    156    145    125    112    107    109    104    77    47    18    9    0    0    26    129    212    236    242    241    234    144    78    41    0    0    61    139    215    236    244    245    241    222    171    51    0    0    72    117    120    136    147    164    185    186    177    174    158    140    151    187    212    221    232    240    243    244    241    240    239    236    232    229    222    218    227    98    0    0    0    0    
0    0    0    0    0    0    232    231    236    239    239    237    236    236    240    240    240    240    234    229    224    215    201    177    137    133    133    123    109    99    96    98    80    64    42    17    3    0    0    0    0    0    37    95    129    129    87    24    0    0    0    0    0    0    32    71    104    125    110    61    10    0    0    0    14    37    49    80    89    81    102    136    129    126    140    151    140    131    154    171    194    219    233    237    239    239    239    239    238    237    232    229    227    232    0    0    0    0    
0    0    0    0    0    99    233    236    238    240    241    238    237    236    237    236    233    224    212    208    195    165    140    125    121    123    113    99    87    83    75    61    37    23    21    10    0    0    0    0    0    0    0    0    0    0    0    0    0    0    34    112    28    0    0    0    0    0    0    0    0    0    4    4    0    0    2    21    41    47    42    52    74    95    104    115    128    118    120    136    147    177    204    217    227    229    236    239    241    241    237    235    232    233    47    0    0    0    
0    0    0    0    0    228    235    236    237    239    239    237    230    223    219    209    202    195    190    185    158    131    112    109    121    102    80    75    65    50    38    31    28    16    4    0    0    0    1    15    0    20    106    84    22    3    65    109    96    64    134    222    190    92    117    109    30    6    45    56    20    0    6    11    14    0    0    0    9    21    28    26    42    68    95    106    101    104    102    106    117    134    153    174    194    202    217    230    234    237    237    234    232    232    150    0    0    0    
0    0    0    0    30    237    235    235    236    234    229    219    208    201    187    183    179    168    161    147    129    115    104    89    75    67    52    44    37    32    26    25    15    2    0    0    5    40    92    71    70    210    228    210    158    162    229    212    158    131    154    224    219    164    202    236    196    121    183    204    182    61    4    5    90    156    55    0    0    0    14    28    38    41    50    74    86    83    83    77    93    109    112    120    147    169    182    193    211    226    229    228    228    230    208    0    0    0    
0    0    0    0    140    234    232    231    230    224    215    201    193    178    175    183    164    137    126    131    125    107    86    63    52    44    37    31    32    34    20    1    0    0    0    30    110    178    151    153    230    234    181    145    118    215    238    201    150    148    197    243    222    159    165    215    231    165    139    181    222    221    96    56    121    182    207    154    38    0    0    9    14    20    33    39    51    59    65    74    67    71    87    109    118    128    128    133    168    207    222    219    215    218    197    0    0    0    
0    0    0    0    205    225    217    215    216    215    205    191    168    154    162    144    128    131    117    93    81    64    54    52    40    31    31    28    22    14    1    0    0    13    84    187    214    164    165    229    242    196    147    107    142    239    236    187    151    167    220    243    209    154    153    195    241    215    137    162    204    236    234    197    147    128    171    218    215    113    17    0    0    3    17    32    25    25    33    41    46    47    59    81    96    96    86    106    133    164    185    185    191    204    182    0    0    0    
0    0    0    0    216    208    199    190    197    195    177    161    142    145    139    109    112    128    104    75    51    32    35    34    30    33    30    18    4    0    0    0    39    148    221    215    159    148    225    240    220    171    133    121    204    239    220    159    144    167    217    241    208    150    162    179    232    234    182    147    167    211    237    237    207    140    142    199    225    236    201    65    0    0    0    9    16    14    14    17    25    35    33    39    60    78    87    89    92    99    102    123    156    161    133    0    0    0    
0    0    0    0    187    174    171    161    151    145    133    123    128    118    107    104    104    106    92    70    40    25    30    30    28    31    17    3    9    0    12    92    204    222    201    162    128    208    242    231    189    148    101    131    226    234    200    140    140    158    207    239    215    158    161    167    215    234    211    148    133    182    224    239    241    210    142    151    210    232    238    229    128    14    0    0    12    15    14    28    28    25    11    6    18    45    70    65    67    63    63    78    96    110    67    0    0    0    
0    0    0    0    148    144    129    104    102    104    98    89    92    77    74    77    83    78    55    45    40    35    33    26    21    11    3    6    4    31    150    232    223    202    171    115    172    228    228    203    140    95    102    168    227    221    175    129    136    144    207    236    224    164    148    158    190    223    215    174    123    133    186    226    242    242    205    129    142    205    229    233    228    177    57    0    0    15    16    15    26    37    44    25    8    13    31    46    56    57    63    59    54    77    18    0    0    0    
0    0    0    0    45    112    92    81    80    78    75    67    63    68    70    67    57    42    38    40    37    33    27    17    6    2    0    8    67    203    234    217    203    178    92    109    221    230    210    172    106    93    125    195    230    219    159    123    129    140    213    236    230    175    151    147    165    215    222    197    140    104    137    195    229    238    236    196    115    136    204    228    226    217    185    104    14    0    9    14    16    35    38    35    23    6    13    31    46    45    39    27    30    49    0    0    0    0    
0    0    0    0    0    75    71    77    59    42    49    55    64    67    59    47    39    33    37    41    40    30    16    4    0    0    9    106    229    237    219    200    172    99    55    182    240    226    200    147    93    92    133    204    232    217    148    137    139    129    202    236    236    183    145    140    140    212    234    203    159    112    106    142    191    221    236    232    172    109    145    203    222    223    205    181    129    25    0    0    21    33    20    10    14    10    3    16    27    18    16    16    23    4    0    0    0    0    
0    0    0    0    0    2    46    41    32    32    37    45    49    46    39    32    32    34    35    37    32    17    4    0    0    17    140    220    226    219    199    169    107    39    113    234    236    215    186    102    81    96    161    212    229    205    148    145    158    137    185    236    239    194    142    145    125    199    237    211    168    136    92    113    145    187    218    234    222    137    89    145    202    214    208    185    171    145    42    0    0    23    31    25    13    11    11    6    5    10    14    18    14    0    0    0    0    0    
0    0    0    0    0    0    14    15    28    42    34    28    28    30    30    32    32    34    37    33    16    3    0    0    37    181    213    202    202    186    151    113    51    71    208    238    228    200    145    83    96    121    183    223    229    199    139    140    168    150    193    234    235    196    140    154    121    177    234    227    193    168    123    90    123    148    186    226    237    194    92    93    156    190    200    197    175    161    147    61    0    0    14    47    39    24    20    6    6    12    13    11    0    0    0    0    0    0    
0    0    0    0    0    0    0    6    20    31    23    21    21    17    24    28    31    31    24    16    11    0    0    56    199    215    195    196    177    137    104    59    72    189    236    239    227    193    110    90    120    134    197    233    234    196    125    128    154    136    189    222    214    171    121    148    128    153    216    229    220    185    161    104    109    125    153    204    236    232    145    64    86    151    191    201    195    169    145    144    78    0    0    24    71    63    37    20    11    11    12    0    0    0    0    0    0    0    
0    0    0    0    0    0    0    0    6    18    15    16    17    16    16    21    22    21    14    5    6    0    70    209    211    195    194    185    156    95    45    57    169    226    232    229    211    162    104    125    139    145    207    237    236    195    118    125    145    102    139    181    172    134    98    133    129    139    187    217    228    191    165    129    93    110    144    178    213    229    187    61    40    93    169    199    197    187    171    144    148    78    0    0    28    75    65    38    21    22    0    0    0    0    0    0    0    0    
0    0    0    0    0    0    0    0    0    8    13    16    16    16    17    15    12    8    9    13    0    42    197    201    189    191    185    165    126    61    14    41    178    208    200    199    175    139    118    147    142    172    215    230    225    195    126    115    142    104    125    159    158    123    83    120    126    134    185    212    219    181    158    147    87    92    133    151    161    201    199    107    57    68    120    182    190    186    189    181    162    162    104    0    0    8    31    40    28    0    0    0    0    0    0    0    0    0    
0    0    0    0    0    0    0    0    0    0    5    9    5    11    11    5    5    2    4    3    42    174    186    178    187    183    167    142    83    25    0    25    165    179    178    172    151    120    117    120    120    174    197    203    203    186    125    84    80    95    106    101    104    86    50    89    123    145    200    208    202    168    125    118    75    74    102    133    154    171    181    137    68    60    83    148    181    186    193    197    191    182    186    126    4    0    0    10    0    0    0    0    0    0    0    0    0    0    
0    0    0    0    0    0    0    0    0    0    0    0    0    1    0    0    0    0    0    35    167    197    178    181    183    179    151    98    45    2    0    51    182    178    179    156    129    83    86    87    118    165    189    190    175    151    99    30    0    3    0    0    4    12    11    20    93    140    174    195    199    171    128    56    24    60    98    142    156    154    168    140    42    50    75    109    150    181    193    195    199    199    183    186    120    0    0    0    0    0    0    0    0    0    0    0    0    0    
0    0    0    0    0    0    0    0    0    0    0    0    0    0    0    0    0    0    27    161    186    175    183    179    179    169    117    61    14    0    0    113    201    191    174    142    106    59    51    67    147    183    191    183    171    156    77    0    0    0    22    84    99    77    18    0    60    113    72    96    110    63    59    14    0    31    104    148    148    142    161    156    39    33    78    86    117    161    182    185    189    194    190    168    165    90    0    0    0    0    0    0    0    0    0    0    0    0    
0    0    0    0    0    0    0    0    0    0    0    0    0    0    0    0    0    18    153    185    178    186    178    162    154    121    81    34    0    0    0    109    134    137    112    96    54    25    0    23    159    178    168    167    164    131    65    0    0    0    151    228    223    215    77    0    33    37    0    0    0    0    0    0    0    0    14    34    54    65    67    65    16    17    70    83    104    139    168    179    187    196    193    165    148    159    39    0    0    0    0    0    0    0    0    0    0    0    
0    0    0    0    0    0    0    0    0    0    0    0    0    0    0    0    2    134    174    167    182    185    177    164    134    95    45    0    0    0    0    0    0    0    6    8    3    0    0    0    50    44    34    30    13    2    22    0    0    0    131    207    183    201    93    0    0    0    2    2    0    14    0    0    0    0    0    0    2    3    0    0    0    6    44    78    101    126    159    181    189    201    191    168    159    161    134    0    0    0    0    0    0    0    0    0    0    0    
0    0    0    0    0    0    0    0    0    0    0    0    0    0    0    0    142    177    168    169    172    181    187    168    133    90    27    0    0    0    0    0    6    0    0    0    0    0    0    0    0    0    0    0    0    0    0    0    0    0    90    190    153    168    72    0    0    31    153    168    150    131    45    0    0    0    0    81    150    128    92    21    0    0    18    50    83    113    148    164    181    190    189    177    168    156    179    2    0    0    0    0    0    0    0    0    0    0    
0    0    0    0    0    0    0    0    0    0    0    0    0    0    0    156    203    169    165    164    171    183    182    156    123    75    33    1    0    0    0    70    190    110    72    51    13    0    0    0    0    21    25    38    57    37    0    0    0    0    0    162    140    133    34    0    0    93    203    185    195    204    95    0    0    0    3    193    226    214    213    117    0    0    9    31    71    95    118    145    164    174    183    183    172    156    159    107    0    0    0    0    0    0    0    0    0    0    
0    0    0    0    0    0    0    0    0    0    0    0    0    0    78    197    171    165    151    154    172    181    171    148    115    63    20    0    0    0    0    74    221    194    172    128    22    0    0    0    18    154    129    112    104    71    0    0    0    0    0    72    95    90    0    0    0    51    167    131    147    177    71    0    0    0    6    187    199    150    164    120    0    0    0    14    47    84    106    134    150    161    172    169    161    156    162    201    0    0    0    0    0    0    0    0    0    0    
0    0    0    0    0    0    0    0    0    0    0    0    0    0    172    142    147    154    153    159    169    169    154    126    81    42    13    0    0    0    0    38    196    168    153    150    28    0    0    0    39    207    185    183    154    67    0    0    0    0    0    0    46    18    0    0    0    0    156    145    123    110    8    0    0    0    0    177    179    136    134    64    0    0    0    0    26    70    99    118    140    158    162    154    150    158    169    208    55    0    0    0    0    0    0    0    0    0    
0    0    0    0    0    0    0    0    0    0    0    0    0    0    153    140    144    147    151    156    161    154    128    93    54    26    3    0    0    0    0    0    109    133    136    150    22    0    0    0    5    162    178    167    162    74    0    0    0    0    0    0    0    0    0    0    0    0    47    154    83    59    0    0    0    0    0    185    177    129    98    20    0    0    0    0    5    54    87    106    126    144    147    144    136    144    148    169    104    0    0    0    0    0    0    0    0    0    
0    0    0    0    0    0    0    0    0    0    0    0    0    0    83    101    112    118    129    145    151    131    107    83    40    11    0    0    0    0    0    0    22    81    113    153    0    0    0    0    0    50    136    126    140    47    0    0    0    0    0    0    0    0    0    0    0    0    0    8    28    0    0    0    0    0    0    148    133    95    11    0    0    0    0    0    0    3    55    95    117    121    120    118    101    92    74    44    8    0    0    0    0    0    0    0    0    0    
0    0    0    0    0    0    0    0    0    0    0    0    0    0    0    6    30    55    80    101    109    102    93    65    27    5    0    0    0    0    0    0    0    21    56    112    0    0    0    0    0    0    47    72    101    0    0    0    0    0    0    0    0    0    0    0    0    0    0    0    0    0    0    0    0    0    0    28    34    0    0    0    0    0    0    0    0    0    4    40    56    61    64    41    23    11    0    0    0    0    0    0    0    0    0    0    0    0    
0    0    0    0    0    0    0    0    0    0    0    0    0    0    0    0    0    0    20    37    57    78    77    47    20    0    0    0    0    0    0    0    0    0    0    14    0    0    0    0    0    0    0    0    0    0    0    0    0    0    0    0    0    0    0    0    0    0    0    0    0    0    0    0    0    0    0    0    0    0    0    0    0    0    0    0    0    0    0    0    3    3    0    0    0    0    0    0    0    0    0    0    0    0    0    0    0    0    
0    0    0    0    0    0    0    0    0    0    0    0    0    0    40    102    68    41    22    1    0    27    49    28    5    0    0    0    0    0    0    0    0    0    0    0    0    0    0    0    0    0    0    0    0    0    0    0    0    0    0    0    0    0    0    0    0    0    0    0    0    0    0    0    0    0    0    0    0    0    0    0    0    0    0    0    0    0    0    0    0    0    0    14    39    41    52    63    13    0    0    0    0    0    0    0    0    0    
0    0    0    0    0    0    0    0    0    0    0    0    0    0    168    177    148    145    120    74    11    0    5    4    0    0    0    0    0    0    0    0    0    0    0    0    0    0    0    0    0    0    0    0    0    0    0    0    0    0    0    0    0    0    0    0    0    0    0    0    0    0    0    0    0    0    0    0    0    0    0    0    0    0    0    0    0    0    0    0    4    60    126    178    195    202    209    186    26    0    0    0    0    0    0    0    0    0    
0    0    0    0    0    0    0    0    0    0    0    0    0    0    207    185    164    159    165    162    96    12    0    0    0    0    0    0    0    0    0    0    0    0    0    0    0    0    0    0    0    0    0    0    0    0    0    0    0    0    0    0    0    0    0    0    0    0    0    0    0    0    0    0    0    0    0    0    0    0    0    0    0    0    0    0    0    0    0    0    90    153    207    215    209    203    204    204    49    0    0    0    0    0    0    0    0    0    
0    0    0    0    0    0    0    0    0    0    0    0    0    0    200    179    169    172    185    189    137    28    0    0    0    0    0    0    0    0    0    0    0    0    0    0    0    0    0    0    0    0    0    0    0    0    0    0    0    0    0    0    0    0    0    0    0    0    0    0    0    0    0    0    0    0    0    0    0    0    0    0    0    0    0    0    0    0    0    0    90    162    193    195    197    194    183    177    49    0    0    0    0    0    0    0    0    0    
0    0    0    0    0    0    0    0    0    0    0    0    0    34    183    169    162    175    189    189    136    23    0    0    0    0    0    0    0    0    0    0    0    0    0    0    0    0    0    0    0    0    0    0    0    0    0    0    0    0    0    0    0    0    0    0    0    0    0    0    0    0    0    0    0    0    0    0    0    0    0    0    0    0    0    0    0    0    0    0    72    158    183    189    183    178    174    161    39    0    0    0    0    0    0    0    0    0    
0    0    0    0    0    0    0    0    0    0    0    0    0    72    178    156    154    165    183    183    137    20    0    0    0    0    0    0    0    0    0    0    0    0    0    0    0    0    0    0    0    0    0    0    0    0    0    0    0    0    0    0    0    0    0    0    0    0    0    0    0    0    0    0    0    0    0    0    0    0    0    0    0    0    0    0    0    0    0    0    61    136    165    175    177    177    178    172    37    0    0    0    0    0    0    0    0    0    
0    0    0    0    0    0    0    0    0    0    0    0    0    106    174    154    154    164    179    183    125    6    0    0    0    0    0    0    0    0    0    0    0    0    0    0    0    0    0    0    0    0    0    0    0    0    0    0    0    0    0    0    0    0    0    0    0    0    0    0    0    0    0    0    0    0    0    0    0    0    0    0    0    0    0    0    0    0    0    0    54    153    171    178    181    181    186    181    31    0    0    0    0    0    0    0    0    0    
0    0    0    0    0    0    0    0    0    0    0    0    0    120    175    161    154    174    185    178    109    0    0    0    0    0    0    0    0    0    0    0    0    0    0    0    0    0    0    0    0    0    0    0    0    0    0    0    0    0    0    0    0    0    0    0    0    0    0    0    0    0    0    0    0    0    0    0    0    0    0    0    0    0    0    0    0    0    0    0    60    177    186    197    194    185    181    167    17    0    0    0    0    0    0    0    0    0    
0    0    0    0    0    0    0    0    0    0    0    0    0    101    179    165    162    175    183    175    106    0    0    0    0    0    0    0    0    0    0    0    0    0    0    0    0    0    0    0    0    0    0    0    0    0    0    0    0    0    0    0    0    0    0    0    0    0    0    0    0    0    0    0    0    0    0    0    0    0    0    0    0    0    0    0    0    0    0    0    52    190    202    201    190    178    175    156    10    0    0    0    0    0    0    0    0    0    
0    0    0    0    0    0    0    0    0    0    0    0    0    60    183    177    171    171    174    172    77    0    0    0    0    0    0    0    0    0    0    0    0    0    0    0    0    0    0    0    0    0    0    0    0    0    0    0    0    0    0    0    0    0    0    0    0    0    0    0    0    0    0    0    0    0    0    0    0    0    0    0    0    0    0    0    0    0    0    0    42    183    194    187    179    171    168    153    0    0    0    0    0    0    0    0    0    0    
0    0    0    0    0    0    0    0    0    0    0    0    0    9    177    182    175    165    167    156    50    0    0    0    0    0    0    0    0    0    0    0    0    0    0    0    0    0    0    0    0    0    0    0    0    0    0    0    0    0    0    0    0    0    0    0    0    0    0    0    0    0    0    0    0    0    0    0    0    0    0    0    0    0    0    0    0    0    0    0    41    179    183    169    172    172    171    148    0    0    0    0    0    0    0    0    0    0    
0    0    0    0    0    0    0    0    0    0    0    0    0    0    145    167    164    161    167    162    46    0    0    0    0    0    0    0    0    0    0    0    0    0    0    0    0    0    0    0    0    0    0    0    0    0    0    0    0    0    0    0    0    0    0    0    0    0    0    0    0    0    0    0    0    0    0    0    0    0    0    0    0    0    0    0    0    0    0    0    37    183    187    174    171    175    179    144    0    0    0    0    0    0    0    0    0    0    
0    0    0    0    0    0    0    0    0    0    0    0    0    0    57    169    185    178    183    172    51    0    0    0    0    0    0    0    0    0    0    0    0    0    0    0    0    0    0    0    0    0    0    0    0    0    0    0    0    0    0    0    0    0    0    0    0    0    0    0    0    0    0    0    0    0    0    0    0    0    0    0    0    0    0    0    0    0    0    0    41    194    196    185    168    169    168    65    0    0    0    0    0    0    0    0    0    0    
0    0    0    0    0    0    0    0    0    0    0    0    0    0    0    164    183    179    187    182    86    0    0    0    0    0    0    0    0    0    0    0    0    0    0    0    0    0    0    0    0    0    0    0    0    0    0    0    0    0    0    0    0    0    0    0    0    0    0    0    0    0    0    0    0    0    0    0    0    0    0    0    0    0    0    0    0    0    0    0    46    204    
    168    165    156    117    0    0    0    0    0    0    0    0    0    0    0    
0    0    0    0    0    0    0    0    0    0    0    0    0    0    0    78    148    168    183    197    137    0    0    0    0    0    0    0    0    0    0    0    0    0    0    0    0    0    0    0    0    0    0    0    0    0    0    0    0    0    0    0    0    0    0    0    0    0    0    0    0    0    0    0    0    0    0    0    0    0    0    0    0    0    0    0    0    0    0    0    50    200    168    159    153    117    65    0    0    0    0    0    0    0    0    0    0    0    
0    0    0    0    0    0    0    0    0    0    0    0    0    0    0    0    147    154    177    197    154    0    0    0    0    0    0    0    0    0    0    0    0    0    0    0    0    0    0    0    0    0    0    0    0    0    0    0    0    0    0    0    0    0    0    0    0    0    0    0    0    0    0    0    0    0    0    0    0    0    0    0    0    0    0    0    0    0    0    0    37    191    172    167    134    104    10    0    0    0    0    0    0    0    0    0    0    0    
0    0    0    0    0    0    0    0    0    0    0    0    0    0    0    0    55    150    164    177    161    3    0    0    0    0    0    0    0    0    0    0    0    0    0    0    0    0    0    0    0    0    0    0    0    0    0    0    0    0    0    0    0    0    0    0    0    0    0    0    0    0    0    0    0    0    0    0    0    0    0    0    0    0    0    0    0    0    0    0    22    196    186    167    118    78    0    0    0    0    0    0    0    0    0    0    0    0    
0    0    0    0    0    0    0    0    0    0    0    0    0    0    0    0    0    148    161    169    175    31    0    0    0    0    0    0    0    0    0    0    0    0    0    0    0    0    0    0    0    0    0    0    0    0    0    0    0    0    0    0    0    0    0    0    0    0    0    0    0    0    0    0    0    0    0    0    0    0    0    0    0    0    0    0    0    0    0    0    35    191    177    151    110    0    0    0    0    0    0    0    0    0    0    0    0    0    
0    0    0    0    0    0    0    0    0    0    0    0    0    0    0    0    0    5    178    181    195    101    0    0    0    0    0    0    0    0    0    0    0    0    0    0    0    0    0    0    0    0    0    0    0    0    0    0    0    0    0    0    0    0    0    0    0    0    0    0    0    0    0    0    0    0    0    0    0    0    0    0    0    0    0    0    0    0    0    0    63    185    151    118    35    0    0    0    0    0    0    0    0    0    0    0    0    0    
0    0    0    0    0    0    0    0    0    0    0    0    0    0    0    0    0    0    37    177    194    183    0    0    0    0    0    0    0    0    0    0    0    0    0    0    0    0    0    0    0    0    0    0    0    0    0    0    0    0    0    0    0    0    0    0    0    0    0    0    0    0    0    0    0    0    0    0    0    0    0    0    0    0    0    0    0    0    0    0    115    181    121    50    0    0    0    0    0    0    0    0    0    0    0    0    0    0    
0    0    0    0    0    0    0    0    0    0    0    0    0    0    0    0    0    0    0    22    168    186    0    0    0    0    0    0    0    0    0    0    0    0    0    0    0    0    0    0    0    0    0    0    0    0    0    0    0    0    0    0    0    0    0    0    0    0    0    0    0    0    0    0    0    0    0    0    0    0    0    0    0    0    0    0    0    0    0    0    99    144    42    0    0    0    0    0    0    0    0    0    0    0    0    0    0    0    
0    0    0    0    0    0    0    0    0    0    0    0    0    0    0    0    0    0    0    0    10    59    0    0    0    0    0    0    0    0    0    0    0    0    0    0    0    0    0    0    0    0    0    0    0    0    0    0    0    0    0    0    0    0    0    0    0    0    0    0    0    0    0    0    0    0    0    0    0    0    0    0    0    0    0    0    0    0    0    0    0    0    0    0    0    0    0    0    0    0    0    0    0    0    0    0    0    0    
0    0    0    0    0    0    0    0    0    0    0    0    0    0    0    0    0    0    0    0    0    0    0    0    0    0    0    0    0    0    0    0    0    0    0    0    0    0    0    0    0    0    0    0    0    0    0    0    0    0    0    0    0    0    0    0    0    0    0    0    0    0    0    0    0    0    0    0    0    0    0    0    0    0    0    0    0    0    0    0    0    0    0    0    0    0    0    0    0    0    0    0    0    0    0    0    0    0    
0    0    0    0    0    0    0    0    0    0    0    0    0    0    0    0    0    0    0    0    0    0    0    0    0    0    0    0    0    0    0    0    0    0    0    0    0    0    0    0    0    0    0    0    0    0    0    0    0    0    0    0    0    0    0    0    0    0    0    0    0    0    0    0    0    0    0    0    0    0    0    0    0    0    0    0    0    0    0    0    0    0    0    0    0    0    0    0    0    0    0    0    0    0    0    0    0    0 